113

16111063ψο060 80000, 81.

1410611010, 88
1116016, 93
1411116011, 87, 89
401161, 00110110, 76

Bampton, 102
Βο10066γ-10-11016, 96
Βο1611011, 83

Βο61016, 79,106

00011, 06, 00 ·

Βο13116γ,·98
Βο16011, 81, 82
Β111006016, 74
Billingborough, 86
Β1000111060, 79 ·
Β106600110, 104
8060116011, 81, 83
81116011, 82

. 00600111, 96

Cameringham, 92
chiama, 76
olom, 100
0100106011, 73

1101103601, 86
130611136οο, 76
1111116011, 83

1106011 8. 10011016, 91
11061611, 98
Eynesham, 73

8011101606οῳ, 89
(1060060110, 106
0060110110, 83

Ηο01110, 94
Ηο16011, 74

1110161, 84
Κο01, 77006, 91

. Κ116011-10-Ηο110116, 92

Kyrkeby‚ 76

Lnffordkvetus, 106
1106000601, 106

Marem, 96
Mamm, 76, 78, 93
16016011, 72
1110001601, 75
Mol-ton, 76

’ 17066106οη1, 91, 99

17011601, 72

17016601006011, 74, 78
1701666113, 84

17016011, 72, 76

Opford, 72
0111016, 73, 77,106

Ρο600110110, 97
Ρ1006011, 78

8010116010, 100
Biston, 77
17101ιο11601, 106

80161016, 81, 82
8011011086οω, 72
8166010011, 73
8601116016, 76

1 8601116011, 77

stamford, 76
86011600, 101
stanton-barry, 103
86066016, 81
8601100, 88
8116110161, 94
81166011, 91

70600110, 78
7110111016, 80
Thmp, 90
7076, 78
70111010, 84
Tupholm, 77
bugam, 104

wardeboys, 96

7761111311οω, (86011) 86, 94, 96
Wirksop, 77

7710100600, 90, 98, 99

Ἢ

100101 7777600000, 1660601, 11696 871106, [001070

 

